Path 1:
  5.0682, 4.3833, 0.8061, 5.0682, 4.3833, 0.8061
  5.0682, -0.4167, 0.0851, 5.0682, 4.3833, 0.8061
  5.0682, -4.9287, 0.5958, 5.0682, 4.3833, 0.8061
  5.0682, -8.0000, 0.7240, 5.0682, 4.3833, 0.8061
  0.4943, -4.5801, 0.3072, 5.0682, 4.3833, 0.8061
  0.4943, -8.0000, 1.2821, 0.4943, -8.0000, 1.2821
  0.4943, -8.0000, 1.2821, 0.4943, -8.0000, 1.2821
  0.4943, -8.0000, 1.2821, 0.4943, -8.0000, 1.2821
  -2.6184, -8.0000, 3.4219, -2.6184, -8.0000, 3.4219
  -2.6184, -8.0000, 3.4219, -2.6184, -8.0000, 3.4219
  -2.6184, -5.2496, 1.2261, -2.6184, -8.0000, 3.4219
  -2.6184, -5.2496, 1.2261, -2.6184, -8.0000, 3.4219
  -2.6184, -5.2496, 1.2261, -2.6184, -8.0000, 3.4219
  -0.3340, -5.2496, 0.8278, -2.6184, -8.0000, 3.4219
  -2.4813, -5.2496, 1.2619, -2.6184, -8.0000, 3.4219
  -4.9035, -5.2496, 0.7977, -2.6184, -8.0000, 3.4219
  -4.9035, -7.5265, 0.8183, -2.6184, -8.0000, 3.4219
  -7.0438, -7.5265, 0.5393, -2.6184, -8.0000, 3.4219
  -7.0438, -7.5265, 0.5393, -2.6184, -8.0000, 3.4219
  -5.1527, -7.5265, 0.6721, -2.6184, -8.0000, 3.4219
  -6.1492, -4.2723, 1.6448, -2.6184, -8.0000, 3.4219
  -6.1492, -4.2723, 1.6448, -2.6184, -8.0000, 3.4219
  -8.0000, -4.2723, 2.0605, -2.6184, -8.0000, 3.4219
  -8.0000, -6.0442, 1.9307, -2.6184, -8.0000, 3.4219
  -8.0000, -4.3787, 2.1589, -2.6184, -8.0000, 3.4219
  -8.0000, -4.3787, 2.1589, -2.6184, -8.0000, 3.4219
  -8.0000, -4.3787, 2.1589, -2.6184, -8.0000, 3.4219
  -8.0000, -4.3787, 2.1589, -2.6184, -8.0000, 3.4219
  -8.0000, -2.8183, 0.6528, -2.6184, -8.0000, 3.4219
  -8.0000, -2.6162, 0.5528, -2.6184, -8.0000, 3.4219
  -8.0000, -1.2374, 0.8054, -2.6184, -8.0000, 3.4219

Path 2:
  -5.6800, 4.5485, 1.3676, -5.6800, 4.5485, 1.3676
  -8.0000, 4.5485, 1.5107, -8.0000, 4.5485, 1.5107
  -8.0000, 4.5485, 1.5107, -8.0000, 4.5485, 1.5107
  -3.7587, 4.5485, 1.4055, -8.0000, 4.5485, 1.5107
  -5.2432, 3.5764, 1.2980, -8.0000, 4.5485, 1.5107
  -5.2432, 7.3240, 1.2733, -8.0000, 4.5485, 1.5107
  -5.2432, 7.3240, 1.2733, -8.0000, 4.5485, 1.5107
  -8.0000, 7.3240, 0.0891, -8.0000, 4.5485, 1.5107
  -8.0000, 5.3805, 0.7124, -8.0000, 4.5485, 1.5107
  -4.4889, 5.3805, 2.0654, -4.4889, 5.3805, 2.0654
  -1.1884, 5.3805, 0.4187, -4.4889, 5.3805, 2.0654
  -4.2909, 5.3805, 2.1195, -4.2909, 5.3805, 2.1195
  -5.5891, 4.1172, 1.4001, -4.2909, 5.3805, 2.1195
  -5.5891, 6.8585, 1.2532, -4.2909, 5.3805, 2.1195
  -8.0000, 6.8585, 0.1472, -4.2909, 5.3805, 2.1195
  -8.0000, 6.8585, 0.1472, -4.2909, 5.3805, 2.1195
  -8.0000, 5.0779, 0.9539, -4.2909, 5.3805, 2.1195
  -5.8597, 5.0779, 1.2955, -4.2909, 5.3805, 2.1195
  -5.8597, 7.4921, 0.7595, -4.2909, 5.3805, 2.1195
  -3.5904, 7.4921, 1.6047, -4.2909, 5.3805, 2.1195
  -3.5904, 5.3589, 2.0396, -4.2909, 5.3805, 2.1195
  -3.5904, 5.3589, 2.0396, -4.2909, 5.3805, 2.1195
  -3.5904, 3.4740, 0.6077, -4.2909, 5.3805, 2.1195
  -3.5904, 5.2458, 1.9563, -4.2909, 5.3805, 2.1195
  -5.1337, 4.0297, 1.2766, -4.2909, 5.3805, 2.1195
  -5.2703, 8.0000, 0.7996, -4.2909, 5.3805, 2.1195
  -3.5043, 8.0000, 1.1098, -4.2909, 5.3805, 2.1195
  -3.5043, 8.0000, 1.1098, -4.2909, 5.3805, 2.1195
  -3.5043, 6.4396, 2.2782, -3.5043, 6.4396, 2.2782
  -3.5043, 4.9728, 1.6996, -3.5043, 6.4396, 2.2782
  -3.5043, 3.5940, 0.6420, -3.5043, 6.4396, 2.2782

Path 3:
  -3.8905, -2.7409, 0.6924, -3.8905, -2.7409, 0.6924
  -8.0000, -2.7409, 0.6104, -3.8905, -2.7409, 0.6924
  -8.0000, 1.7711, 4.2509, -8.0000, 1.7711, 4.2509
  -3.7587, 1.7711, 0.4690, -8.0000, 1.7711, 4.2509
  -5.2432, 1.7711, 1.4575, -8.0000, 1.7711, 4.2509
  -5.2432, -1.9765, 0.5142, -8.0000, 1.7711, 4.2509
  -5.2432, 1.5462, 1.4356, -8.0000, 1.7711, 4.2509
  -8.0000, -8.0000, 0.2216, -8.0000, 1.7711, 4.2509
  -8.0000, -4.5801, 2.3178, -8.0000, 1.7711, 4.2509
  -8.0000, -0.9189, 1.0797, -8.0000, 1.7711, 4.2509
  -8.0000, 2.3816, 4.1864, -8.0000, 1.7711, 4.2509
  -8.0000, -0.7209, 1.2868, -8.0000, 1.7711, 4.2509
  -8.0000, 0.1513, 2.4522, -8.0000, 1.7711, 4.2509
  -8.0000, 0.1513, 2.4522, -8.0000, 1.7711, 4.2509
  -5.4232, 0.1513, 1.1787, -8.0000, 1.7711, 4.2509
  -5.4232, 3.0580, 1.5239, -8.0000, 1.7711, 4.2509
  -8.0000, 3.0580, 3.5723, -8.0000, 1.7711, 4.2509
  -8.0000, 3.0580, 3.5723, -8.0000, 1.7711, 4.2509
  -8.0000, 0.6438, 3.1738, -8.0000, 1.7711, 4.2509
  -8.0000, 0.6438, 3.1738, -8.0000, 1.7711, 4.2509
  -8.0000, 1.0383, 3.6859, -8.0000, 1.7711, 4.2509
  -8.0000, 1.0383, 3.6859, -8.0000, 1.7711, 4.2509
  -8.0000, 1.0383, 3.6859, -8.0000, 1.7711, 4.2509
  -8.0000, 3.1645, 3.4375, -8.0000, 1.7711, 4.2509
  -8.0000, 2.6768, 3.9783, -8.0000, 1.7711, 4.2509
  -8.0000, 2.6768, 3.9783, -8.0000, 1.7711, 4.2509
  -8.0000, 2.6768, 3.9783, -8.0000, 1.7711, 4.2509
  -8.0000, 0.6848, 3.2312, -8.0000, 1.7711, 4.2509
  -8.0000, 1.0650, 3.7165, -8.0000, 1.7711, 4.2509
  -8.0000, 2.8251, 3.8365, -8.0000, 1.7711, 4.2509
  -8.0000, 2.8251, 3.8365, -8.0000, 1.7711, 4.2509

Path 4:
  -3.4381, 3.3816, 0.5242, -3.4381, 3.3816, 0.5242
  -3.4381, 8.0000, 1.0938, -3.4381, 8.0000, 1.0938
  1.0739, 8.0000, 2.7174, 1.0739, 8.0000, 2.7174
  1.0739, 8.0000, 2.7174, 1.0739, 8.0000, 2.7174
  1.0739, 8.0000, 2.7174, 1.0739, 8.0000, 2.7174
  1.0739, 8.0000, 2.7174, 1.0739, 8.0000, 2.7174
  4.5966, 8.0000, 0.4064, 1.0739, 8.0000, 2.7174
  4.5966, 8.0000, 0.4064, 1.0739, 8.0000, 2.7174
  4.5966, 4.8873, 0.6359, 1.0739, 8.0000, 2.7174
  1.0855, 4.8873, 0.3137, 1.0739, 8.0000, 2.7174
  4.5971, -8.0000, 0.8889, 1.0739, 8.0000, 2.7174
  4.5971, -4.8976, 0.7171, 1.0739, 8.0000, 2.7174
  0.1881, -2.5635, 0.0577, 1.0739, 8.0000, 2.7174
  2.9294, -2.5635, 0.0660, 1.0739, 8.0000, 2.7174
  0.3526, -2.5635, 0.0471, 1.0739, 8.0000, 2.7174
  0.3526, -5.4702, 0.7045, 1.0739, 8.0000, 2.7174
  -2.3797, -5.4702, 1.5505, 1.0739, 8.0000, 2.7174
  -2.3797, -2.9019, 0.6246, 1.0739, 8.0000, 2.7174
  -4.7939, -2.9019, 0.4185, 1.0739, 8.0000, 2.7174
  -4.7939, -0.6325, 1.0649, 1.0739, 8.0000, 2.7174
  -5.9160, 0.2087, 1.4818, 1.0739, 8.0000, 2.7174
  -5.9160, 0.2087, 1.4818, 1.0739, 8.0000, 2.7174
  -5.9160, -2.0531, 0.3958, 1.0739, 8.0000, 2.7174
  -5.9160, 0.0730, 1.3841, 1.0739, 8.0000, 2.7174
  -6.6454, 0.6674, 2.5458, 1.0739, 8.0000, 2.7174
  -6.6454, 2.5460, 3.2419, -6.6454, 2.5460, 3.2419
  -6.6454, 4.3120, 1.6262, -6.6454, 2.5460, 3.2419
  -6.6454, 4.3120, 1.6262, -6.6454, 2.5460, 3.2419
  -7.1195, 3.4227, 2.8665, -6.6454, 2.5460, 3.2419
  -7.1195, 3.4227, 2.8665, -6.6454, 2.5460, 3.2419
  -7.1195, 3.4227, 2.8665, -6.6454, 2.5460, 3.2419

Path 5:
  -6.2960, 5.5236, 1.0275, -6.2960, 5.5236, 1.0275
  -8.0000, 5.5236, 0.6167, -6.2960, 5.5236, 1.0275
  -8.0000, 5.5236, 0.6167, -6.2960, 5.5236, 1.0275
  -8.0000, 5.5236, 0.6167, -6.2960, 5.5236, 1.0275
  -8.0000, 4.2102, 1.9483, -8.0000, 4.2102, 1.9483
  -8.0000, 0.4626, 2.9131, -8.0000, 0.4626, 2.9131
  -8.0000, 3.9854, 2.2650, -8.0000, 0.4626, 2.9131
  -8.0000, 3.9854, 2.2650, -8.0000, 0.4626, 2.9131
  -8.0000, 0.8727, 3.4830, -8.0000, 0.8727, 3.4830
  -8.0000, 0.8727, 3.4830, -8.0000, 0.8727, 3.4830
  -8.0000, -1.8777, 0.4911, -8.0000, 0.8727, 3.4830
  -8.0000, 1.4057, 4.0470, -8.0000, 1.4057, 4.0470
  -8.0000, 1.5336, 4.1377, -8.0000, 1.5336, 4.1377
  -8.0000, 1.5336, 4.1377, -8.0000, 1.5336, 4.1377
  -8.0000, 1.5336, 4.1377, -8.0000, 1.5336, 4.1377
  -8.0000, 1.5336, 4.1377, -8.0000, 1.5336, 4.1377
  -8.0000, 1.6167, 4.1858, -8.0000, 1.6167, 4.1858
  -8.0000, 1.6167, 4.1858, -8.0000, 1.6167, 4.1858
  -8.0000, 3.2933, 3.2654, -8.0000, 1.6167, 4.1858
  -8.0000, 3.2933, 3.2654, -8.0000, 1.6167, 4.1858
  -8.0000, 2.7605, 3.9011, -8.0000, 1.6167, 4.1858
  -8.0000, 1.3680, 4.0165, -8.0000, 1.6167, 4.1858
  -8.0000, 1.3680, 4.0165, -8.0000, 1.6167, 4.1858
  -8.0000, 2.8445, 3.8163, -8.0000, 1.6167, 4.1858
  -8.0000, 2.4688, 4.1360, -8.0000, 1.6167, 4.1858
  -8.0000, 1.1642, 3.8248, -8.0000, 1.6167, 4.1858
  -8.0000, 1.1642, 3.8248, -8.0000, 1.6167, 4.1858
  -6.8472, 1.1642, 3.2522, -8.0000, 1.6167, 4.1858
  -7.9308, 1.1642, 3.8341, -8.0000, 1.6167, 4.1858
  -7.9308, 1.1642, 3.8341, -8.0000, 1.6167, 4.1858
  -7.9308, 2.3131, 4.2296, -7.9308, 2.3131, 4.2296

Path 6:
  4.7904, 1.8688, 0.6885, 4.7904, 1.8688, 0.6885
  4.7904, -2.9312, 0.0951, 4.7904, 1.8688, 0.6885
  0.2784, -2.9312, 0.0573, 4.7904, 1.8688, 0.6885
  0.2784, 1.3101, 0.0213, 4.7904, 1.8688, 0.6885
  4.2652, 1.3101, 0.4404, 4.7904, 1.8688, 0.6885
  8.0000, 1.3101, 0.1052, 4.7904, 1.8688, 0.6885
  4.4773, 1.3101, 0.4650, 4.7904, 1.8688, 0.6885
  0.5036, 1.3101, 0.0197, 4.7904, 1.8688, 0.6885
  -7.8075, -6.0335, 2.0789, -7.8075, -6.0335, 2.0789
  -4.2964, -6.0335, 1.0020, -7.8075, -6.0335, 2.0789
  -7.5968, -6.0335, 2.1863, -7.5968, -6.0335, 2.1863
  -4.4944, -6.0335, 0.9246, -7.5968, -6.0335, 2.1863
  -7.4107, -6.0335, 2.2382, -7.4107, -6.0335, 2.2382
  -7.4107, -6.0335, 2.2382, -7.4107, -6.0335, 2.2382
  -8.0000, -6.0335, 1.9419, -7.4107, -6.0335, 2.2382
  -8.0000, -6.0335, 1.9419, -7.4107, -6.0335, 2.2382
  -5.7231, -6.0335, 1.2493, -7.4107, -6.0335, 2.2382
  -7.8634, -6.0335, 2.0426, -7.4107, -6.0335, 2.2382
  -8.0000, -6.0335, 1.9419, -7.4107, -6.0335, 2.2382
  5.0482, -5.4628, 0.7975, -7.4107, -6.0335, 2.2382
  7.1814, -5.4628, 0.1163, -7.4107, -6.0335, 2.2382
  8.0000, -5.4628, 0.0358, -7.4107, -6.0335, 2.2382
  6.1151, -5.4628, 0.3747, -7.4107, -6.0335, 2.2382
  8.0000, -5.1637, 0.0309, -7.4107, -6.0335, 2.2382
  2.4000, -2.7365, 0.0704, -7.4107, -6.0335, 2.2382
  2.4000, -0.8578, 0.0150, -7.4107, -6.0335, 2.2382
  2.4000, 0.9081, 0.0984, -7.4107, -6.0335, 2.2382
  -5.6882, 0.9444, 1.7384, -7.4107, -6.0335, 2.2382
  -6.4973, 1.2337, 2.8987, -6.4973, 1.2337, 2.8987
  -7.9641, 1.2337, 3.9008, -7.9641, 1.2337, 3.9008
  -7.9641, 1.2337, 3.9008, -7.9641, 1.2337, 3.9008

Path 7:
  -2.9550, -2.7678, 0.8014, -2.9550, -2.7678, 0.8014
  -7.7550, -2.7678, 0.6700, -2.9550, -2.7678, 0.8014
  -3.2430, -2.7678, 0.7977, -2.9550, -2.7678, 0.8014
  -8.0000, 5.1594, 0.8833, -8.0000, 5.1594, 0.8833
  -8.0000, 1.1726, 3.8336, -8.0000, 1.1726, 3.8336
  -8.0000, 4.9202, 1.1018, -8.0000, 1.1726, 3.8336
  -8.0000, 1.3975, 4.0405, -8.0000, 1.3975, 4.0405
  -8.0000, 1.3975, 4.0405, -8.0000, 1.3975, 4.0405
  -8.0000, 1.5283, 4.1343, -8.0000, 1.5283, 4.1343
  -8.0000, 1.5283, 4.1343, -8.0000, 1.5283, 4.1343
  -8.0000, 1.5283, 4.1343, -8.0000, 1.5283, 4.1343
  -8.0000, 1.5283, 4.1343, -8.0000, 1.5283, 4.1343
  -8.0000, 1.6132, 4.1839, -8.0000, 1.6132, 4.1839
  -8.0000, 1.6132, 4.1839, -8.0000, 1.6132, 4.1839
  -8.0000, 1.6132, 4.1839, -8.0000, 1.6132, 4.1839
  -8.0000, 1.6132, 4.1839, -8.0000, 1.6132, 4.1839
  -8.0000, 1.6685, 4.2111, -8.0000, 1.6685, 4.2111
  -8.0000, 1.6685, 4.2111, -8.0000, 1.6685, 4.2111
  -8.0000, 1.6685, 4.2111, -8.0000, 1.6685, 4.2111
  -6.4240, 1.6685, 3.0287, -8.0000, 1.6685, 4.2111
  -6.9756, 1.7044, 3.7366, -8.0000, 1.6685, 4.2111
  -6.9756, 1.7044, 3.7366, -8.0000, 1.6685, 4.2111
  -6.9756, 1.7044, 3.7366, -8.0000, 1.6685, 4.2111
  -6.9756, 1.7044, 3.7366, -8.0000, 1.6685, 4.2111
  -7.3342, 1.7277, 4.0645, -8.0000, 1.6685, 4.2111
  -7.3342, 1.7277, 4.0645, -8.0000, 1.6685, 4.2111
  -7.3342, 2.9541, 3.5571, -8.0000, 1.6685, 4.2111
  -7.3342, 2.9541, 3.5571, -8.0000, 1.6685, 4.2111
  -7.5672, 2.5400, 4.0481, -8.0000, 1.6685, 4.2111
  -7.5672, 2.5400, 4.0481, -8.0000, 1.6685, 4.2111
  -8.0000, 2.5400, 4.0878, -8.0000, 1.6685, 4.2111

Path 8:
  0.3896, 1.1214, 0.0219, 0.3896, 1.1214, 0.0219
  0.3896, 5.9214, 0.7293, 0.3896, 5.9214, 0.7293
  0.3896, 8.0000, 1.7349, 0.3896, 8.0000, 1.7349
  0.3896, 8.0000, 1.7349, 0.3896, 8.0000, 1.7349
  0.3896, 8.0000, 1.7349, 0.3896, 8.0000, 1.7349
  0.3896, 8.0000, 1.7349, 0.3896, 8.0000, 1.7349
  -3.1331, 8.0000, 0.9983, 0.3896, 8.0000, 1.7349
  -3.1331, 4.6886, 1.2850, 0.3896, 8.0000, 1.7349
  -3.1331, 7.8013, 1.1615, 0.3896, 8.0000, 1.7349
  0.3780, 7.8013, 1.7569, 0.3780, 7.8013, 1.7569
  0.3780, 7.8013, 1.7569, 0.3780, 7.8013, 1.7569
  3.4804, 7.8013, 1.6177, 0.3780, 7.8013, 1.7569
  -2.5726, -5.7988, 1.9178, -2.5726, -5.7988, 1.9178
  0.1687, -5.7988, 0.9676, -2.5726, -5.7988, 1.9178
  0.1687, -8.0000, 1.6082, -2.5726, -5.7988, 1.9178
  -2.2535, -8.0000, 3.6516, -2.2535, -8.0000, 3.6516
  -2.2535, -8.0000, 3.6516, -2.2535, -8.0000, 3.6516
  -2.2535, -5.8597, 2.1081, -2.2535, -8.0000, 3.6516
  -2.2535, -5.8597, 2.1081, -2.2535, -8.0000, 3.6516
  -0.3623, -5.8597, 1.3446, -2.2535, -8.0000, 3.6516
  5.0275, -8.0000, 0.7393, -2.2535, -8.0000, 3.6516
  5.0275, -8.0000, 0.7393, -2.2535, -8.0000, 3.6516
  -1.0208, -7.1489, 3.1010, -2.2535, -8.0000, 3.6516
  -1.0208, -8.0000, 3.1066, -2.2535, -8.0000, 3.6516
  -2.6863, -8.0000, 3.3615, -2.2535, -8.0000, 3.6516
  -1.1207, -8.0000, 3.2159, -2.2535, -8.0000, 3.6516
  -1.1207, -6.5284, 2.6796, -2.2535, -8.0000, 3.6516
  -1.1207, -7.9117, 3.2579, -2.2535, -8.0000, 3.6516
  -1.1207, -7.9117, 3.2579, -2.2535, -8.0000, 3.6516
  -1.1207, -7.9117, 3.2579, -2.2535, -8.0000, 3.6516
  -1.1207, -8.0000, 3.2159, -2.2535, -8.0000, 3.6516

Path 9:
  -2.2176, -1.2719, 1.5336, -2.2176, -1.2719, 1.5336
  -2.2176, 3.5281, 0.2708, -2.2176, -1.2719, 1.5336
  -6.7296, 3.5281, 2.4676, -6.7296, 3.5281, 2.4676
  -6.7296, 3.5281, 2.4676, -6.7296, 3.5281, 2.4676
  -7.1742, 2.9132, 3.4936, -7.1742, 2.9132, 3.4936
  -7.1742, 2.9132, 3.4936, -7.1742, 2.9132, 3.4936
  -7.1742, 2.9132, 3.4936, -7.1742, 2.9132, 3.4936
  -7.1742, -0.3982, 1.5695, -7.1742, 2.9132, 3.4936
  -7.4633, 0.3610, 2.7051, -7.1742, 2.9132, 3.4936
  -8.0000, 0.3610, 2.7634, -7.1742, 2.9132, 3.4936
  -8.0000, 0.3610, 2.7634, -7.1742, 2.9132, 3.4936
  -4.8976, 0.3610, 1.0684, -7.1742, 2.9132, 3.4936
  -5.9834, 0.8546, 2.0058, -7.1742, 2.9132, 3.4936
  -3.2421, 0.8546, 0.7918, -7.1742, 2.9132, 3.4936
  -1.0674, -8.0000, 3.1586, -7.1742, 2.9132, 3.4936
  -1.0674, -8.0000, 3.1586, -7.1742, 2.9132, 3.4936
  -1.0674, -8.0000, 3.1586, -7.1742, 2.9132, 3.4936
  -1.0674, -8.0000, 3.1586, -7.1742, 2.9132, 3.4936
  1.3469, -8.0000, 0.8212, -7.1742, 2.9132, 3.4936
  1.3469, -5.7306, 0.7051, -7.1742, 2.9132, 3.4936
  1.3469, -7.8638, 0.8556, -7.1742, 2.9132, 3.4936
  3.3521, -7.8638, 1.1156, -7.1742, 2.9132, 3.4936
  3.3521, -7.8638, 1.1156, -7.1742, 2.9132, 3.4936
  1.2259, -7.8638, 0.8852, -7.1742, 2.9132, 3.4936
  -0.7727, -7.8638, 2.8606, -7.1742, 2.9132, 3.4936
  -0.7727, -7.8638, 2.8606, -7.1742, 2.9132, 3.4936
  -2.5387, -7.8638, 3.5514, -2.5387, -7.8638, 3.5514
  -2.5387, -8.0000, 3.4863, -2.5387, -7.8638, 3.5514
  -2.5387, -8.0000, 3.4863, -2.5387, -7.8638, 3.5514
  -2.5387, -6.5332, 2.9030, -2.5387, -7.8638, 3.5514
  -1.1599, -6.5332, 2.7181, -2.5387, -7.8638, 3.5514

Path 10:
  5.6353, -2.6520, 0.0408, 5.6353, -2.6520, 0.0408
  5.6353, -7.4520, 0.6317, 5.6353, -7.4520, 0.6317
  5.6353, -2.9400, 0.0596, 5.6353, -7.4520, 0.6317
  1.3940, -2.9400, 0.0558, 5.6353, -7.4520, 0.6317
  -1.8939, -1.2911, 1.2542, -1.8939, -1.2911, 1.2542
  -1.8939, -1.2911, 1.2542, -1.8939, -1.2911, 1.2542
  -1.8939, -4.8138, 0.8663, -1.8939, -1.2911, 1.2542
  -1.8939, -4.8138, 0.8663, -1.8939, -1.2911, 1.2542
  -4.0310, -2.5091, 0.7934, -1.8939, -1.2911, 1.2542
  -4.0310, 0.4168, 1.0641, -1.8939, -1.2911, 1.2542
  -4.0310, 0.4168, 1.0641, -1.8939, -1.2911, 1.2542
  -0.9286, 0.4168, 0.2687, -1.8939, -1.2911, 1.2542
  -3.4036, 0.8908, 0.7797, -1.8939, -1.2911, 1.2542
  -3.4036, -1.8505, 1.5388, -3.4036, -1.8505, 1.5388
  -3.4036, 0.7263, 0.8952, -3.4036, -1.8505, 1.5388
  -3.4036, -1.6959, 1.6521, -3.4036, -1.6959, 1.6521
  -5.0123, -0.4824, 0.9965, -3.4036, -1.6959, 1.6521
  -5.0123, 1.6578, 1.2122, -3.4036, -1.6959, 1.6521
  -5.0123, -0.3540, 1.0150, -3.4036, -1.6959, 1.6521
  -3.1212, -0.3540, 1.7533, -3.1212, -0.3540, 1.7533
  -3.1212, -0.3540, 1.7533, -3.1212, -0.3540, 1.7533
  -3.1212, -0.3540, 1.7533, -3.1212, -0.3540, 1.7533
  -3.1212, 1.2167, 0.5482, -3.1212, -0.3540, 1.7533
  -4.5977, 1.2167, 0.9096, -3.1212, -0.3540, 1.7533
  -5.7885, 1.4107, 2.0567, -5.7885, 1.4107, 2.0567
  -5.7885, 1.4107, 2.0567, -5.7885, 1.4107, 2.0567
  -5.7885, 1.4107, 2.0567, -5.7885, 1.4107, 2.0567
  -5.7885, 2.5635, 2.0869, -5.7885, 2.5635, 2.0869
  -6.5625, 2.2862, 3.2405, -6.5625, 2.2862, 3.2405
  -6.5625, 1.2676, 3.0044, -6.5625, 2.2862, 3.2405
  -6.5625, 2.2251, 3.2555, -6.5625, 2.2251, 3.2555

